// This code conforms with the UFC specification version 1.4.0
// and was automatically generated by FFC version 1.4.0.
//
// This code was generated with the option '-l dolfin' and
// contains DOLFIN-specific wrappers that depend on DOLFIN.
// 
// This code was generated with the following parameters:
// 
//   cache_dir:                      ''
//   convert_exceptions_to_warnings: False
//   cpp_optimize:                   True
//   cpp_optimize_flags:             '-O2'
//   epsilon:                        1e-14
//   error_control:                  False
//   form_postfix:                   True
//   format:                         'dolfin'
//   log_level:                      20
//   log_prefix:                     ''
//   no-evaluate_basis:              True
//   optimize:                       True
//   output_dir:                     '.'
//   precision:                      15
//   quadrature_degree:              'auto'
//   quadrature_rule:                'auto'
//   representation:                 'auto'
//   restrict_keyword:               ''
//   split:                          True

#include "Plas3D.h"

/// Constructor
plas3d_finite_element_0::plas3d_finite_element_0() : ufc::finite_element()
{
    // Do nothing
}

/// Destructor
plas3d_finite_element_0::~plas3d_finite_element_0()
{
    // Do nothing
}

/// Return a string identifying the finite element
const char* plas3d_finite_element_0::signature() const
{
    return "FiniteElement('Quadrature', Domain(Cell('tetrahedron', 3)), 2, 'default')";
}

/// Return the cell shape
ufc::shape plas3d_finite_element_0::cell_shape() const
{
    return ufc::tetrahedron;
}

/// Return the topological dimension of the cell shape
std::size_t plas3d_finite_element_0::topological_dimension() const
{
    return 3;
}

/// Return the geometric dimension of the cell shape
std::size_t plas3d_finite_element_0::geometric_dimension() const
{
    return 3;
}

/// Return the dimension of the finite element function space
std::size_t plas3d_finite_element_0::space_dimension() const
{
    return 4;
}

/// Return the rank of the value space
std::size_t plas3d_finite_element_0::value_rank() const
{
    return 0;
}

/// Return the dimension of the value space for axis i
std::size_t plas3d_finite_element_0::value_dimension(std::size_t i) const
{
    return 1;
}

/// Evaluate basis function i at given point x in cell
void plas3d_finite_element_0::_evaluate_basis(std::size_t i,
                                    double* values,
                                    const double* x,
                                    const double* vertex_coordinates,
                                    int cell_orientation)
{
throw std::runtime_error("// Function evaluate_basis not generated (compiled with -fno-evaluate_basis)");
}

/// Evaluate all basis functions at given point x in cell
void plas3d_finite_element_0::_evaluate_basis_all(double* values,
                                        const double* x,
                                        const double* vertex_coordinates,
                                        int cell_orientation)
{
    throw std::runtime_error("evaluate_basis_all: Function not supported/implemented for QuadratureElement.");
}

/// Evaluate order n derivatives of basis function i at given point x in cell
void plas3d_finite_element_0::_evaluate_basis_derivatives(std::size_t i,
                                                std::size_t n,
                                                double* values,
                                                const double* x,
                                                const double* vertex_coordinates,
                                                int cell_orientation)
{
    throw std::runtime_error("evaluate_basis_derivatives: Function not supported/implemented for QuadratureElement.");
}

/// Evaluate order n derivatives of all basis functions at given point x in cell
void plas3d_finite_element_0::_evaluate_basis_derivatives_all(std::size_t n,
                                                    double* values,
                                                    const double* x,
                                                    const double* vertex_coordinates,
                                                    int cell_orientation)
{
    throw std::runtime_error("evaluate_basis_derivatives_all: Function not supported/implemented for QuadratureElement.");
}

/// Evaluate linear functional for dof i on the function f
double plas3d_finite_element_0::evaluate_dof(std::size_t i,
                                   const ufc::function& f,
                                   const double* vertex_coordinates,
                                   int cell_orientation,
                                   const ufc::cell& c) const
{
    // Declare variables for result of evaluation
    double vals[1];
    
    // Declare variable for physical coordinates
    double y[3];
    switch (i)
    {
    case 0:
      {
        y[0] = 0.138196601125009*vertex_coordinates[0] + 0.585410196624969*vertex_coordinates[3] + 0.138196601125011*vertex_coordinates[6] + 0.138196601125011*vertex_coordinates[9];
      y[1] = 0.138196601125009*vertex_coordinates[1] + 0.585410196624969*vertex_coordinates[4] + 0.138196601125011*vertex_coordinates[7] + 0.138196601125011*vertex_coordinates[10];
      y[2] = 0.138196601125009*vertex_coordinates[2] + 0.585410196624969*vertex_coordinates[5] + 0.138196601125011*vertex_coordinates[8] + 0.138196601125011*vertex_coordinates[11];
      f.evaluate(vals, y, c);
      return vals[0];
        break;
      }
    case 1:
      {
        y[0] = 0.138196601125009*vertex_coordinates[0] + 0.138196601125011*vertex_coordinates[3] + 0.585410196624969*vertex_coordinates[6] + 0.138196601125011*vertex_coordinates[9];
      y[1] = 0.138196601125009*vertex_coordinates[1] + 0.138196601125011*vertex_coordinates[4] + 0.585410196624969*vertex_coordinates[7] + 0.138196601125011*vertex_coordinates[10];
      y[2] = 0.138196601125009*vertex_coordinates[2] + 0.138196601125011*vertex_coordinates[5] + 0.585410196624969*vertex_coordinates[8] + 0.138196601125011*vertex_coordinates[11];
      f.evaluate(vals, y, c);
      return vals[0];
        break;
      }
    case 2:
      {
        y[0] = 0.138196601125009*vertex_coordinates[0] + 0.138196601125011*vertex_coordinates[3] + 0.138196601125011*vertex_coordinates[6] + 0.585410196624969*vertex_coordinates[9];
      y[1] = 0.138196601125009*vertex_coordinates[1] + 0.138196601125011*vertex_coordinates[4] + 0.138196601125011*vertex_coordinates[7] + 0.585410196624969*vertex_coordinates[10];
      y[2] = 0.138196601125009*vertex_coordinates[2] + 0.138196601125011*vertex_coordinates[5] + 0.138196601125011*vertex_coordinates[8] + 0.585410196624969*vertex_coordinates[11];
      f.evaluate(vals, y, c);
      return vals[0];
        break;
      }
    case 3:
      {
        y[0] = 0.585410196624967*vertex_coordinates[0] + 0.138196601125011*vertex_coordinates[3] + 0.138196601125011*vertex_coordinates[6] + 0.138196601125011*vertex_coordinates[9];
      y[1] = 0.585410196624967*vertex_coordinates[1] + 0.138196601125011*vertex_coordinates[4] + 0.138196601125011*vertex_coordinates[7] + 0.138196601125011*vertex_coordinates[10];
      y[2] = 0.585410196624967*vertex_coordinates[2] + 0.138196601125011*vertex_coordinates[5] + 0.138196601125011*vertex_coordinates[8] + 0.138196601125011*vertex_coordinates[11];
      f.evaluate(vals, y, c);
      return vals[0];
        break;
      }
    }
    
    return 0.0;
}

/// Evaluate linear functionals for all dofs on the function f
void plas3d_finite_element_0::evaluate_dofs(double* values,
                                  const ufc::function& f,
                                  const double* vertex_coordinates,
                                  int cell_orientation,
                                  const ufc::cell& c) const
{
    // Declare variables for result of evaluation
    double vals[1];
    
    // Declare variable for physical coordinates
    double y[3];
    y[0] = 0.138196601125009*vertex_coordinates[0] + 0.585410196624969*vertex_coordinates[3] + 0.138196601125011*vertex_coordinates[6] + 0.138196601125011*vertex_coordinates[9];
    y[1] = 0.138196601125009*vertex_coordinates[1] + 0.585410196624969*vertex_coordinates[4] + 0.138196601125011*vertex_coordinates[7] + 0.138196601125011*vertex_coordinates[10];
    y[2] = 0.138196601125009*vertex_coordinates[2] + 0.585410196624969*vertex_coordinates[5] + 0.138196601125011*vertex_coordinates[8] + 0.138196601125011*vertex_coordinates[11];
    f.evaluate(vals, y, c);
    values[0] = vals[0];
    y[0] = 0.138196601125009*vertex_coordinates[0] + 0.138196601125011*vertex_coordinates[3] + 0.585410196624969*vertex_coordinates[6] + 0.138196601125011*vertex_coordinates[9];
    y[1] = 0.138196601125009*vertex_coordinates[1] + 0.138196601125011*vertex_coordinates[4] + 0.585410196624969*vertex_coordinates[7] + 0.138196601125011*vertex_coordinates[10];
    y[2] = 0.138196601125009*vertex_coordinates[2] + 0.138196601125011*vertex_coordinates[5] + 0.585410196624969*vertex_coordinates[8] + 0.138196601125011*vertex_coordinates[11];
    f.evaluate(vals, y, c);
    values[1] = vals[0];
    y[0] = 0.138196601125009*vertex_coordinates[0] + 0.138196601125011*vertex_coordinates[3] + 0.138196601125011*vertex_coordinates[6] + 0.585410196624969*vertex_coordinates[9];
    y[1] = 0.138196601125009*vertex_coordinates[1] + 0.138196601125011*vertex_coordinates[4] + 0.138196601125011*vertex_coordinates[7] + 0.585410196624969*vertex_coordinates[10];
    y[2] = 0.138196601125009*vertex_coordinates[2] + 0.138196601125011*vertex_coordinates[5] + 0.138196601125011*vertex_coordinates[8] + 0.585410196624969*vertex_coordinates[11];
    f.evaluate(vals, y, c);
    values[2] = vals[0];
    y[0] = 0.585410196624967*vertex_coordinates[0] + 0.138196601125011*vertex_coordinates[3] + 0.138196601125011*vertex_coordinates[6] + 0.138196601125011*vertex_coordinates[9];
    y[1] = 0.585410196624967*vertex_coordinates[1] + 0.138196601125011*vertex_coordinates[4] + 0.138196601125011*vertex_coordinates[7] + 0.138196601125011*vertex_coordinates[10];
    y[2] = 0.585410196624967*vertex_coordinates[2] + 0.138196601125011*vertex_coordinates[5] + 0.138196601125011*vertex_coordinates[8] + 0.138196601125011*vertex_coordinates[11];
    f.evaluate(vals, y, c);
    values[3] = vals[0];
}

/// Interpolate vertex values from dof values
void plas3d_finite_element_0::interpolate_vertex_values(double* vertex_values,
                                              const double* dof_values,
                                              const double* vertex_coordinates,
                                              int cell_orientation,
                                              const ufc::cell& c) const
{
    throw std::runtime_error("interpolate_vertex_values: Function is not supported/implemented for QuadratureElement.");
}

/// Map coordinate xhat from reference cell to coordinate x in cell
void plas3d_finite_element_0::map_from_reference_cell(double* x,
                                            const double* xhat,
                                            const ufc::cell& c) const
{
    throw std::runtime_error("map_from_reference_cell not yet implemented.");
}

/// Map from coordinate x in cell to coordinate xhat in reference cell
void plas3d_finite_element_0::map_to_reference_cell(double* xhat,
                                          const double* x,
                                          const ufc::cell& c) const
{
    throw std::runtime_error("map_to_reference_cell not yet implemented.");
}

/// Return the number of sub elements (for a mixed element)
std::size_t plas3d_finite_element_0::num_sub_elements() const
{
    return 0;
}

/// Create a new finite element for sub element i (for a mixed element)
ufc::finite_element* plas3d_finite_element_0::create_sub_element(std::size_t i) const
{
    return 0;
}

/// Create a new class instance
ufc::finite_element* plas3d_finite_element_0::create() const
{
    return new plas3d_finite_element_0();
}


/// Constructor
plas3d_finite_element_1::plas3d_finite_element_1() : ufc::finite_element()
{
    // Do nothing
}

/// Destructor
plas3d_finite_element_1::~plas3d_finite_element_1()
{
    // Do nothing
}

/// Return a string identifying the finite element
const char* plas3d_finite_element_1::signature() const
{
    return "VectorElement('Quadrature', Domain(Cell('tetrahedron', 3)), 2, 6, 'default')";
}

/// Return the cell shape
ufc::shape plas3d_finite_element_1::cell_shape() const
{
    return ufc::tetrahedron;
}

/// Return the topological dimension of the cell shape
std::size_t plas3d_finite_element_1::topological_dimension() const
{
    return 3;
}

/// Return the geometric dimension of the cell shape
std::size_t plas3d_finite_element_1::geometric_dimension() const
{
    return 3;
}

/// Return the dimension of the finite element function space
std::size_t plas3d_finite_element_1::space_dimension() const
{
    return 24;
}

/// Return the rank of the value space
std::size_t plas3d_finite_element_1::value_rank() const
{
    return 1;
}

/// Return the dimension of the value space for axis i
std::size_t plas3d_finite_element_1::value_dimension(std::size_t i) const
{
    switch (i)
    {
    case 0:
      {
        return 6;
        break;
      }
    }
    
    return 0;
}

/// Evaluate basis function i at given point x in cell
void plas3d_finite_element_1::_evaluate_basis(std::size_t i,
                                    double* values,
                                    const double* x,
                                    const double* vertex_coordinates,
                                    int cell_orientation)
{
throw std::runtime_error("// Function evaluate_basis not generated (compiled with -fno-evaluate_basis)");
}

/// Evaluate all basis functions at given point x in cell
void plas3d_finite_element_1::_evaluate_basis_all(double* values,
                                        const double* x,
                                        const double* vertex_coordinates,
                                        int cell_orientation)
{
    throw std::runtime_error("evaluate_basis_all: Function not supported/implemented for QuadratureElement.");
}

/// Evaluate order n derivatives of basis function i at given point x in cell
void plas3d_finite_element_1::_evaluate_basis_derivatives(std::size_t i,
                                                std::size_t n,
                                                double* values,
                                                const double* x,
                                                const double* vertex_coordinates,
                                                int cell_orientation)
{
    throw std::runtime_error("evaluate_basis_derivatives: Function not supported/implemented for QuadratureElement.");
}

/// Evaluate order n derivatives of all basis functions at given point x in cell
void plas3d_finite_element_1::_evaluate_basis_derivatives_all(std::size_t n,
                                                    double* values,
                                                    const double* x,
                                                    const double* vertex_coordinates,
                                                    int cell_orientation)
{
    throw std::runtime_error("evaluate_basis_derivatives_all: Function not supported/implemented for QuadratureElement.");
}

/// Evaluate linear functional for dof i on the function f
double plas3d_finite_element_1::evaluate_dof(std::size_t i,
                                   const ufc::function& f,
                                   const double* vertex_coordinates,
                                   int cell_orientation,
                                   const ufc::cell& c) const
{
    // Declare variables for result of evaluation
    double vals[6];
    
    // Declare variable for physical coordinates
    double y[3];
    switch (i)
    {
    case 0:
      {
        y[0] = 0.138196601125009*vertex_coordinates[0] + 0.585410196624969*vertex_coordinates[3] + 0.138196601125011*vertex_coordinates[6] + 0.138196601125011*vertex_coordinates[9];
      y[1] = 0.138196601125009*vertex_coordinates[1] + 0.585410196624969*vertex_coordinates[4] + 0.138196601125011*vertex_coordinates[7] + 0.138196601125011*vertex_coordinates[10];
      y[2] = 0.138196601125009*vertex_coordinates[2] + 0.585410196624969*vertex_coordinates[5] + 0.138196601125011*vertex_coordinates[8] + 0.138196601125011*vertex_coordinates[11];
      f.evaluate(vals, y, c);
      return vals[0];
        break;
      }
    case 1:
      {
        y[0] = 0.138196601125009*vertex_coordinates[0] + 0.138196601125011*vertex_coordinates[3] + 0.585410196624969*vertex_coordinates[6] + 0.138196601125011*vertex_coordinates[9];
      y[1] = 0.138196601125009*vertex_coordinates[1] + 0.138196601125011*vertex_coordinates[4] + 0.585410196624969*vertex_coordinates[7] + 0.138196601125011*vertex_coordinates[10];
      y[2] = 0.138196601125009*vertex_coordinates[2] + 0.138196601125011*vertex_coordinates[5] + 0.585410196624969*vertex_coordinates[8] + 0.138196601125011*vertex_coordinates[11];
      f.evaluate(vals, y, c);
      return vals[0];
        break;
      }
    case 2:
      {
        y[0] = 0.138196601125009*vertex_coordinates[0] + 0.138196601125011*vertex_coordinates[3] + 0.138196601125011*vertex_coordinates[6] + 0.585410196624969*vertex_coordinates[9];
      y[1] = 0.138196601125009*vertex_coordinates[1] + 0.138196601125011*vertex_coordinates[4] + 0.138196601125011*vertex_coordinates[7] + 0.585410196624969*vertex_coordinates[10];
      y[2] = 0.138196601125009*vertex_coordinates[2] + 0.138196601125011*vertex_coordinates[5] + 0.138196601125011*vertex_coordinates[8] + 0.585410196624969*vertex_coordinates[11];
      f.evaluate(vals, y, c);
      return vals[0];
        break;
      }
    case 3:
      {
        y[0] = 0.585410196624967*vertex_coordinates[0] + 0.138196601125011*vertex_coordinates[3] + 0.138196601125011*vertex_coordinates[6] + 0.138196601125011*vertex_coordinates[9];
      y[1] = 0.585410196624967*vertex_coordinates[1] + 0.138196601125011*vertex_coordinates[4] + 0.138196601125011*vertex_coordinates[7] + 0.138196601125011*vertex_coordinates[10];
      y[2] = 0.585410196624967*vertex_coordinates[2] + 0.138196601125011*vertex_coordinates[5] + 0.138196601125011*vertex_coordinates[8] + 0.138196601125011*vertex_coordinates[11];
      f.evaluate(vals, y, c);
      return vals[0];
        break;
      }
    case 4:
      {
        y[0] = 0.138196601125009*vertex_coordinates[0] + 0.585410196624969*vertex_coordinates[3] + 0.138196601125011*vertex_coordinates[6] + 0.138196601125011*vertex_coordinates[9];
      y[1] = 0.138196601125009*vertex_coordinates[1] + 0.585410196624969*vertex_coordinates[4] + 0.138196601125011*vertex_coordinates[7] + 0.138196601125011*vertex_coordinates[10];
      y[2] = 0.138196601125009*vertex_coordinates[2] + 0.585410196624969*vertex_coordinates[5] + 0.138196601125011*vertex_coordinates[8] + 0.138196601125011*vertex_coordinates[11];
      f.evaluate(vals, y, c);
      return vals[1];
        break;
      }
    case 5:
      {
        y[0] = 0.138196601125009*vertex_coordinates[0] + 0.138196601125011*vertex_coordinates[3] + 0.585410196624969*vertex_coordinates[6] + 0.138196601125011*vertex_coordinates[9];
      y[1] = 0.138196601125009*vertex_coordinates[1] + 0.138196601125011*vertex_coordinates[4] + 0.585410196624969*vertex_coordinates[7] + 0.138196601125011*vertex_coordinates[10];
      y[2] = 0.138196601125009*vertex_coordinates[2] + 0.138196601125011*vertex_coordinates[5] + 0.585410196624969*vertex_coordinates[8] + 0.138196601125011*vertex_coordinates[11];
      f.evaluate(vals, y, c);
      return vals[1];
        break;
      }
    case 6:
      {
        y[0] = 0.138196601125009*vertex_coordinates[0] + 0.138196601125011*vertex_coordinates[3] + 0.138196601125011*vertex_coordinates[6] + 0.585410196624969*vertex_coordinates[9];
      y[1] = 0.138196601125009*vertex_coordinates[1] + 0.138196601125011*vertex_coordinates[4] + 0.138196601125011*vertex_coordinates[7] + 0.585410196624969*vertex_coordinates[10];
      y[2] = 0.138196601125009*vertex_coordinates[2] + 0.138196601125011*vertex_coordinates[5] + 0.138196601125011*vertex_coordinates[8] + 0.585410196624969*vertex_coordinates[11];
      f.evaluate(vals, y, c);
      return vals[1];
        break;
      }
    case 7:
      {
        y[0] = 0.585410196624967*vertex_coordinates[0] + 0.138196601125011*vertex_coordinates[3] + 0.138196601125011*vertex_coordinates[6] + 0.138196601125011*vertex_coordinates[9];
      y[1] = 0.585410196624967*vertex_coordinates[1] + 0.138196601125011*vertex_coordinates[4] + 0.138196601125011*vertex_coordinates[7] + 0.138196601125011*vertex_coordinates[10];
      y[2] = 0.585410196624967*vertex_coordinates[2] + 0.138196601125011*vertex_coordinates[5] + 0.138196601125011*vertex_coordinates[8] + 0.138196601125011*vertex_coordinates[11];
      f.evaluate(vals, y, c);
      return vals[1];
        break;
      }
    case 8:
      {
        y[0] = 0.138196601125009*vertex_coordinates[0] + 0.585410196624969*vertex_coordinates[3] + 0.138196601125011*vertex_coordinates[6] + 0.138196601125011*vertex_coordinates[9];
      y[1] = 0.138196601125009*vertex_coordinates[1] + 0.585410196624969*vertex_coordinates[4] + 0.138196601125011*vertex_coordinates[7] + 0.138196601125011*vertex_coordinates[10];
      y[2] = 0.138196601125009*vertex_coordinates[2] + 0.585410196624969*vertex_coordinates[5] + 0.138196601125011*vertex_coordinates[8] + 0.138196601125011*vertex_coordinates[11];
      f.evaluate(vals, y, c);
      return vals[2];
        break;
      }
    case 9:
      {
        y[0] = 0.138196601125009*vertex_coordinates[0] + 0.138196601125011*vertex_coordinates[3] + 0.585410196624969*vertex_coordinates[6] + 0.138196601125011*vertex_coordinates[9];
      y[1] = 0.138196601125009*vertex_coordinates[1] + 0.138196601125011*vertex_coordinates[4] + 0.585410196624969*vertex_coordinates[7] + 0.138196601125011*vertex_coordinates[10];
      y[2] = 0.138196601125009*vertex_coordinates[2] + 0.138196601125011*vertex_coordinates[5] + 0.585410196624969*vertex_coordinates[8] + 0.138196601125011*vertex_coordinates[11];
      f.evaluate(vals, y, c);
      return vals[2];
        break;
      }
    case 10:
      {
        y[0] = 0.138196601125009*vertex_coordinates[0] + 0.138196601125011*vertex_coordinates[3] + 0.138196601125011*vertex_coordinates[6] + 0.585410196624969*vertex_coordinates[9];
      y[1] = 0.138196601125009*vertex_coordinates[1] + 0.138196601125011*vertex_coordinates[4] + 0.138196601125011*vertex_coordinates[7] + 0.585410196624969*vertex_coordinates[10];
      y[2] = 0.138196601125009*vertex_coordinates[2] + 0.138196601125011*vertex_coordinates[5] + 0.138196601125011*vertex_coordinates[8] + 0.585410196624969*vertex_coordinates[11];
      f.evaluate(vals, y, c);
      return vals[2];
        break;
      }
    case 11:
      {
        y[0] = 0.585410196624967*vertex_coordinates[0] + 0.138196601125011*vertex_coordinates[3] + 0.138196601125011*vertex_coordinates[6] + 0.138196601125011*vertex_coordinates[9];
      y[1] = 0.585410196624967*vertex_coordinates[1] + 0.138196601125011*vertex_coordinates[4] + 0.138196601125011*vertex_coordinates[7] + 0.138196601125011*vertex_coordinates[10];
      y[2] = 0.585410196624967*vertex_coordinates[2] + 0.138196601125011*vertex_coordinates[5] + 0.138196601125011*vertex_coordinates[8] + 0.138196601125011*vertex_coordinates[11];
      f.evaluate(vals, y, c);
      return vals[2];
        break;
      }
    case 12:
      {
        y[0] = 0.138196601125009*vertex_coordinates[0] + 0.585410196624969*vertex_coordinates[3] + 0.138196601125011*vertex_coordinates[6] + 0.138196601125011*vertex_coordinates[9];
      y[1] = 0.138196601125009*vertex_coordinates[1] + 0.585410196624969*vertex_coordinates[4] + 0.138196601125011*vertex_coordinates[7] + 0.138196601125011*vertex_coordinates[10];
      y[2] = 0.138196601125009*vertex_coordinates[2] + 0.585410196624969*vertex_coordinates[5] + 0.138196601125011*vertex_coordinates[8] + 0.138196601125011*vertex_coordinates[11];
      f.evaluate(vals, y, c);
      return vals[3];
        break;
      }
    case 13:
      {
        y[0] = 0.138196601125009*vertex_coordinates[0] + 0.138196601125011*vertex_coordinates[3] + 0.585410196624969*vertex_coordinates[6] + 0.138196601125011*vertex_coordinates[9];
      y[1] = 0.138196601125009*vertex_coordinates[1] + 0.138196601125011*vertex_coordinates[4] + 0.585410196624969*vertex_coordinates[7] + 0.138196601125011*vertex_coordinates[10];
      y[2] = 0.138196601125009*vertex_coordinates[2] + 0.138196601125011*vertex_coordinates[5] + 0.585410196624969*vertex_coordinates[8] + 0.138196601125011*vertex_coordinates[11];
      f.evaluate(vals, y, c);
      return vals[3];
        break;
      }
    case 14:
      {
        y[0] = 0.138196601125009*vertex_coordinates[0] + 0.138196601125011*vertex_coordinates[3] + 0.138196601125011*vertex_coordinates[6] + 0.585410196624969*vertex_coordinates[9];
      y[1] = 0.138196601125009*vertex_coordinates[1] + 0.138196601125011*vertex_coordinates[4] + 0.138196601125011*vertex_coordinates[7] + 0.585410196624969*vertex_coordinates[10];
      y[2] = 0.138196601125009*vertex_coordinates[2] + 0.138196601125011*vertex_coordinates[5] + 0.138196601125011*vertex_coordinates[8] + 0.585410196624969*vertex_coordinates[11];
      f.evaluate(vals, y, c);
      return vals[3];
        break;
      }
    case 15:
      {
        y[0] = 0.585410196624967*vertex_coordinates[0] + 0.138196601125011*vertex_coordinates[3] + 0.138196601125011*vertex_coordinates[6] + 0.138196601125011*vertex_coordinates[9];
      y[1] = 0.585410196624967*vertex_coordinates[1] + 0.138196601125011*vertex_coordinates[4] + 0.138196601125011*vertex_coordinates[7] + 0.138196601125011*vertex_coordinates[10];
      y[2] = 0.585410196624967*vertex_coordinates[2] + 0.138196601125011*vertex_coordinates[5] + 0.138196601125011*vertex_coordinates[8] + 0.138196601125011*vertex_coordinates[11];
      f.evaluate(vals, y, c);
      return vals[3];
        break;
      }
    case 16:
      {
        y[0] = 0.138196601125009*vertex_coordinates[0] + 0.585410196624969*vertex_coordinates[3] + 0.138196601125011*vertex_coordinates[6] + 0.138196601125011*vertex_coordinates[9];
      y[1] = 0.138196601125009*vertex_coordinates[1] + 0.585410196624969*vertex_coordinates[4] + 0.138196601125011*vertex_coordinates[7] + 0.138196601125011*vertex_coordinates[10];
      y[2] = 0.138196601125009*vertex_coordinates[2] + 0.585410196624969*vertex_coordinates[5] + 0.138196601125011*vertex_coordinates[8] + 0.138196601125011*vertex_coordinates[11];
      f.evaluate(vals, y, c);
      return vals[4];
        break;
      }
    case 17:
      {
        y[0] = 0.138196601125009*vertex_coordinates[0] + 0.138196601125011*vertex_coordinates[3] + 0.585410196624969*vertex_coordinates[6] + 0.138196601125011*vertex_coordinates[9];
      y[1] = 0.138196601125009*vertex_coordinates[1] + 0.138196601125011*vertex_coordinates[4] + 0.585410196624969*vertex_coordinates[7] + 0.138196601125011*vertex_coordinates[10];
      y[2] = 0.138196601125009*vertex_coordinates[2] + 0.138196601125011*vertex_coordinates[5] + 0.585410196624969*vertex_coordinates[8] + 0.138196601125011*vertex_coordinates[11];
      f.evaluate(vals, y, c);
      return vals[4];
        break;
      }
    case 18:
      {
        y[0] = 0.138196601125009*vertex_coordinates[0] + 0.138196601125011*vertex_coordinates[3] + 0.138196601125011*vertex_coordinates[6] + 0.585410196624969*vertex_coordinates[9];
      y[1] = 0.138196601125009*vertex_coordinates[1] + 0.138196601125011*vertex_coordinates[4] + 0.138196601125011*vertex_coordinates[7] + 0.585410196624969*vertex_coordinates[10];
      y[2] = 0.138196601125009*vertex_coordinates[2] + 0.138196601125011*vertex_coordinates[5] + 0.138196601125011*vertex_coordinates[8] + 0.585410196624969*vertex_coordinates[11];
      f.evaluate(vals, y, c);
      return vals[4];
        break;
      }
    case 19:
      {
        y[0] = 0.585410196624967*vertex_coordinates[0] + 0.138196601125011*vertex_coordinates[3] + 0.138196601125011*vertex_coordinates[6] + 0.138196601125011*vertex_coordinates[9];
      y[1] = 0.585410196624967*vertex_coordinates[1] + 0.138196601125011*vertex_coordinates[4] + 0.138196601125011*vertex_coordinates[7] + 0.138196601125011*vertex_coordinates[10];
      y[2] = 0.585410196624967*vertex_coordinates[2] + 0.138196601125011*vertex_coordinates[5] + 0.138196601125011*vertex_coordinates[8] + 0.138196601125011*vertex_coordinates[11];
      f.evaluate(vals, y, c);
      return vals[4];
        break;
      }
    case 20:
      {
        y[0] = 0.138196601125009*vertex_coordinates[0] + 0.585410196624969*vertex_coordinates[3] + 0.138196601125011*vertex_coordinates[6] + 0.138196601125011*vertex_coordinates[9];
      y[1] = 0.138196601125009*vertex_coordinates[1] + 0.585410196624969*vertex_coordinates[4] + 0.138196601125011*vertex_coordinates[7] + 0.138196601125011*vertex_coordinates[10];
      y[2] = 0.138196601125009*vertex_coordinates[2] + 0.585410196624969*vertex_coordinates[5] + 0.138196601125011*vertex_coordinates[8] + 0.138196601125011*vertex_coordinates[11];
      f.evaluate(vals, y, c);
      return vals[5];
        break;
      }
    case 21:
      {
        y[0] = 0.138196601125009*vertex_coordinates[0] + 0.138196601125011*vertex_coordinates[3] + 0.585410196624969*vertex_coordinates[6] + 0.138196601125011*vertex_coordinates[9];
      y[1] = 0.138196601125009*vertex_coordinates[1] + 0.138196601125011*vertex_coordinates[4] + 0.585410196624969*vertex_coordinates[7] + 0.138196601125011*vertex_coordinates[10];
      y[2] = 0.138196601125009*vertex_coordinates[2] + 0.138196601125011*vertex_coordinates[5] + 0.585410196624969*vertex_coordinates[8] + 0.138196601125011*vertex_coordinates[11];
      f.evaluate(vals, y, c);
      return vals[5];
        break;
      }
    case 22:
      {
        y[0] = 0.138196601125009*vertex_coordinates[0] + 0.138196601125011*vertex_coordinates[3] + 0.138196601125011*vertex_coordinates[6] + 0.585410196624969*vertex_coordinates[9];
      y[1] = 0.138196601125009*vertex_coordinates[1] + 0.138196601125011*vertex_coordinates[4] + 0.138196601125011*vertex_coordinates[7] + 0.585410196624969*vertex_coordinates[10];
      y[2] = 0.138196601125009*vertex_coordinates[2] + 0.138196601125011*vertex_coordinates[5] + 0.138196601125011*vertex_coordinates[8] + 0.585410196624969*vertex_coordinates[11];
      f.evaluate(vals, y, c);
      return vals[5];
        break;
      }
    case 23:
      {
        y[0] = 0.585410196624967*vertex_coordinates[0] + 0.138196601125011*vertex_coordinates[3] + 0.138196601125011*vertex_coordinates[6] + 0.138196601125011*vertex_coordinates[9];
      y[1] = 0.585410196624967*vertex_coordinates[1] + 0.138196601125011*vertex_coordinates[4] + 0.138196601125011*vertex_coordinates[7] + 0.138196601125011*vertex_coordinates[10];
      y[2] = 0.585410196624967*vertex_coordinates[2] + 0.138196601125011*vertex_coordinates[5] + 0.138196601125011*vertex_coordinates[8] + 0.138196601125011*vertex_coordinates[11];
      f.evaluate(vals, y, c);
      return vals[5];
        break;
      }
    }
    
    return 0.0;
}

/// Evaluate linear functionals for all dofs on the function f
void plas3d_finite_element_1::evaluate_dofs(double* values,
                                  const ufc::function& f,
                                  const double* vertex_coordinates,
                                  int cell_orientation,
                                  const ufc::cell& c) const
{
    // Declare variables for result of evaluation
    double vals[6];
    
    // Declare variable for physical coordinates
    double y[3];
    y[0] = 0.138196601125009*vertex_coordinates[0] + 0.585410196624969*vertex_coordinates[3] + 0.138196601125011*vertex_coordinates[6] + 0.138196601125011*vertex_coordinates[9];
    y[1] = 0.138196601125009*vertex_coordinates[1] + 0.585410196624969*vertex_coordinates[4] + 0.138196601125011*vertex_coordinates[7] + 0.138196601125011*vertex_coordinates[10];
    y[2] = 0.138196601125009*vertex_coordinates[2] + 0.585410196624969*vertex_coordinates[5] + 0.138196601125011*vertex_coordinates[8] + 0.138196601125011*vertex_coordinates[11];
    f.evaluate(vals, y, c);
    values[0] = vals[0];
    y[0] = 0.138196601125009*vertex_coordinates[0] + 0.138196601125011*vertex_coordinates[3] + 0.585410196624969*vertex_coordinates[6] + 0.138196601125011*vertex_coordinates[9];
    y[1] = 0.138196601125009*vertex_coordinates[1] + 0.138196601125011*vertex_coordinates[4] + 0.585410196624969*vertex_coordinates[7] + 0.138196601125011*vertex_coordinates[10];
    y[2] = 0.138196601125009*vertex_coordinates[2] + 0.138196601125011*vertex_coordinates[5] + 0.585410196624969*vertex_coordinates[8] + 0.138196601125011*vertex_coordinates[11];
    f.evaluate(vals, y, c);
    values[1] = vals[0];
    y[0] = 0.138196601125009*vertex_coordinates[0] + 0.138196601125011*vertex_coordinates[3] + 0.138196601125011*vertex_coordinates[6] + 0.585410196624969*vertex_coordinates[9];
    y[1] = 0.138196601125009*vertex_coordinates[1] + 0.138196601125011*vertex_coordinates[4] + 0.138196601125011*vertex_coordinates[7] + 0.585410196624969*vertex_coordinates[10];
    y[2] = 0.138196601125009*vertex_coordinates[2] + 0.138196601125011*vertex_coordinates[5] + 0.138196601125011*vertex_coordinates[8] + 0.585410196624969*vertex_coordinates[11];
    f.evaluate(vals, y, c);
    values[2] = vals[0];
    y[0] = 0.585410196624967*vertex_coordinates[0] + 0.138196601125011*vertex_coordinates[3] + 0.138196601125011*vertex_coordinates[6] + 0.138196601125011*vertex_coordinates[9];
    y[1] = 0.585410196624967*vertex_coordinates[1] + 0.138196601125011*vertex_coordinates[4] + 0.138196601125011*vertex_coordinates[7] + 0.138196601125011*vertex_coordinates[10];
    y[2] = 0.585410196624967*vertex_coordinates[2] + 0.138196601125011*vertex_coordinates[5] + 0.138196601125011*vertex_coordinates[8] + 0.138196601125011*vertex_coordinates[11];
    f.evaluate(vals, y, c);
    values[3] = vals[0];
    y[0] = 0.138196601125009*vertex_coordinates[0] + 0.585410196624969*vertex_coordinates[3] + 0.138196601125011*vertex_coordinates[6] + 0.138196601125011*vertex_coordinates[9];
    y[1] = 0.138196601125009*vertex_coordinates[1] + 0.585410196624969*vertex_coordinates[4] + 0.138196601125011*vertex_coordinates[7] + 0.138196601125011*vertex_coordinates[10];
    y[2] = 0.138196601125009*vertex_coordinates[2] + 0.585410196624969*vertex_coordinates[5] + 0.138196601125011*vertex_coordinates[8] + 0.138196601125011*vertex_coordinates[11];
    f.evaluate(vals, y, c);
    values[4] = vals[1];
    y[0] = 0.138196601125009*vertex_coordinates[0] + 0.138196601125011*vertex_coordinates[3] + 0.585410196624969*vertex_coordinates[6] + 0.138196601125011*vertex_coordinates[9];
    y[1] = 0.138196601125009*vertex_coordinates[1] + 0.138196601125011*vertex_coordinates[4] + 0.585410196624969*vertex_coordinates[7] + 0.138196601125011*vertex_coordinates[10];
    y[2] = 0.138196601125009*vertex_coordinates[2] + 0.138196601125011*vertex_coordinates[5] + 0.585410196624969*vertex_coordinates[8] + 0.138196601125011*vertex_coordinates[11];
    f.evaluate(vals, y, c);
    values[5] = vals[1];
    y[0] = 0.138196601125009*vertex_coordinates[0] + 0.138196601125011*vertex_coordinates[3] + 0.138196601125011*vertex_coordinates[6] + 0.585410196624969*vertex_coordinates[9];
    y[1] = 0.138196601125009*vertex_coordinates[1] + 0.138196601125011*vertex_coordinates[4] + 0.138196601125011*vertex_coordinates[7] + 0.585410196624969*vertex_coordinates[10];
    y[2] = 0.138196601125009*vertex_coordinates[2] + 0.138196601125011*vertex_coordinates[5] + 0.138196601125011*vertex_coordinates[8] + 0.585410196624969*vertex_coordinates[11];
    f.evaluate(vals, y, c);
    values[6] = vals[1];
    y[0] = 0.585410196624967*vertex_coordinates[0] + 0.138196601125011*vertex_coordinates[3] + 0.138196601125011*vertex_coordinates[6] + 0.138196601125011*vertex_coordinates[9];
    y[1] = 0.585410196624967*vertex_coordinates[1] + 0.138196601125011*vertex_coordinates[4] + 0.138196601125011*vertex_coordinates[7] + 0.138196601125011*vertex_coordinates[10];
    y[2] = 0.585410196624967*vertex_coordinates[2] + 0.138196601125011*vertex_coordinates[5] + 0.138196601125011*vertex_coordinates[8] + 0.138196601125011*vertex_coordinates[11];
    f.evaluate(vals, y, c);
    values[7] = vals[1];
    y[0] = 0.138196601125009*vertex_coordinates[0] + 0.585410196624969*vertex_coordinates[3] + 0.138196601125011*vertex_coordinates[6] + 0.138196601125011*vertex_coordinates[9];
    y[1] = 0.138196601125009*vertex_coordinates[1] + 0.585410196624969*vertex_coordinates[4] + 0.138196601125011*vertex_coordinates[7] + 0.138196601125011*vertex_coordinates[10];
    y[2] = 0.138196601125009*vertex_coordinates[2] + 0.585410196624969*vertex_coordinates[5] + 0.138196601125011*vertex_coordinates[8] + 0.138196601125011*vertex_coordinates[11];
    f.evaluate(vals, y, c);
    values[8] = vals[2];
    y[0] = 0.138196601125009*vertex_coordinates[0] + 0.138196601125011*vertex_coordinates[3] + 0.585410196624969*vertex_coordinates[6] + 0.138196601125011*vertex_coordinates[9];
    y[1] = 0.138196601125009*vertex_coordinates[1] + 0.138196601125011*vertex_coordinates[4] + 0.585410196624969*vertex_coordinates[7] + 0.138196601125011*vertex_coordinates[10];
    y[2] = 0.138196601125009*vertex_coordinates[2] + 0.138196601125011*vertex_coordinates[5] + 0.585410196624969*vertex_coordinates[8] + 0.138196601125011*vertex_coordinates[11];
    f.evaluate(vals, y, c);
    values[9] = vals[2];
    y[0] = 0.138196601125009*vertex_coordinates[0] + 0.138196601125011*vertex_coordinates[3] + 0.138196601125011*vertex_coordinates[6] + 0.585410196624969*vertex_coordinates[9];
    y[1] = 0.138196601125009*vertex_coordinates[1] + 0.138196601125011*vertex_coordinates[4] + 0.138196601125011*vertex_coordinates[7] + 0.585410196624969*vertex_coordinates[10];
    y[2] = 0.138196601125009*vertex_coordinates[2] + 0.138196601125011*vertex_coordinates[5] + 0.138196601125011*vertex_coordinates[8] + 0.585410196624969*vertex_coordinates[11];
    f.evaluate(vals, y, c);
    values[10] = vals[2];
    y[0] = 0.585410196624967*vertex_coordinates[0] + 0.138196601125011*vertex_coordinates[3] + 0.138196601125011*vertex_coordinates[6] + 0.138196601125011*vertex_coordinates[9];
    y[1] = 0.585410196624967*vertex_coordinates[1] + 0.138196601125011*vertex_coordinates[4] + 0.138196601125011*vertex_coordinates[7] + 0.138196601125011*vertex_coordinates[10];
    y[2] = 0.585410196624967*vertex_coordinates[2] + 0.138196601125011*vertex_coordinates[5] + 0.138196601125011*vertex_coordinates[8] + 0.138196601125011*vertex_coordinates[11];
    f.evaluate(vals, y, c);
    values[11] = vals[2];
    y[0] = 0.138196601125009*vertex_coordinates[0] + 0.585410196624969*vertex_coordinates[3] + 0.138196601125011*vertex_coordinates[6] + 0.138196601125011*vertex_coordinates[9];
    y[1] = 0.138196601125009*vertex_coordinates[1] + 0.585410196624969*vertex_coordinates[4] + 0.138196601125011*vertex_coordinates[7] + 0.138196601125011*vertex_coordinates[10];
    y[2] = 0.138196601125009*vertex_coordinates[2] + 0.585410196624969*vertex_coordinates[5] + 0.138196601125011*vertex_coordinates[8] + 0.138196601125011*vertex_coordinates[11];
    f.evaluate(vals, y, c);
    values[12] = vals[3];
    y[0] = 0.138196601125009*vertex_coordinates[0] + 0.138196601125011*vertex_coordinates[3] + 0.585410196624969*vertex_coordinates[6] + 0.138196601125011*vertex_coordinates[9];
    y[1] = 0.138196601125009*vertex_coordinates[1] + 0.138196601125011*vertex_coordinates[4] + 0.585410196624969*vertex_coordinates[7] + 0.138196601125011*vertex_coordinates[10];
